OPERATOR_ID=0.0.47857995
OPERATOR_PVKEY=302e020100300506032b65700422042089fa178d69fcd298239a41e2918b5a0666eefdc9e108fc055bb70a8983ee7740
TREASURY_ID=0.0.47982498
TREASURY_PVKEY=302e020100300506032b657004220420c880bb0d61c73aec43265ea3afd7cac24df906cb36625f419ff69db579fbdfc8
ALICE_ID=0.0.47994833
ALICE_PVKEY=302e020100300506032b6570042204206e9abfc68e4d1b6a65119b45760409228ccd78d944016bb7a550f2d52be6a7d0